-8.000000119209289551e-01 -1.176470611244440079e-02 -8.557000011205673218e-02
-7.647058963775634766e-01 2.000000029802322388e-01 -8.710999786853790283e-02
-6.941176652908325195e-01 3.764705955982208252e-01 -8.871000260114669800e-02
-6.352941393852233887e-01 5.647059082984924316e-01 -8.834999799728393555e-02
-5.882353186607360840e-01 7.411764860153198242e-01 -8.138000220060348511e-02
-4.823529422283172607e-01 9.529411792755126953e-01 -6.631000339984893799e-02
-3.529411852359771729e-01 1.082352995872497559e+00 -4.768000170588493347e-02
-1.882352977991104126e-01 1.247058868408203125e+00 -2.967000007629394531e-02
1.176470611244440079e-02 1.294117689132690430e+00 -2.113999985158443451e-02
2.470588237047195435e-01 1.247058868408203125e+00 -3.033000044524669647e-02
3.882353007793426514e-01 1.082352995872497559e+00 -4.839000105857849121e-02
4.823529422283172607e-01 9.529411792755126953e-01 -6.684000045061111450e-02
5.882353186607360840e-01 7.764706015586853027e-01 -8.158999681472778320e-02
6.705882549285888672e-01 5.882353186607360840e-01 -8.806999772787094116e-02
6.941176652908325195e-01 4.117647111415863037e-01 -8.823999762535095215e-02
7.529411911964416504e-01 2.235294133424758911e-01 -8.665999770164489746e-02
8.000000119209289551e-01 1.176470611244440079e-02 -8.500999957323074341e-02
-6.117647290229797363e-01 1.176470611244440079e-02 -7.379999849945306778e-03
-5.058823823928833008e-01 -1.176470611244440079e-02 5.270000081509351730e-03
-4.000000059604644775e-01 -1.176470611244440079e-02 1.346000004559755325e-02
-2.941176593303680420e-01 3.529411926865577698e-02 1.807999983429908752e-02
-1.882352977991104126e-01 7.058823853731155396e-02 1.917999982833862305e-02
2.235294133424758911e-01 7.058823853731155396e-02 1.985999941825866699e-02
3.294117748737335205e-01 3.529411926865577698e-02 1.885999925434589386e-02
4.588235318660736084e-01 -1.176470611244440079e-02 1.451999973505735397e-02
5.647059082984924316e-01 -1.176470611244440079e-02 6.639999803155660629e-03
6.705882549285888672e-01 1.176470611244440079e-02 -6.190000101923942566e-03
1.176470611244440079e-02 3.058823645114898682e-01 1.415000017732381821e-02
1.176470611244440079e-02 4.823529422283172607e-01 2.017999999225139618e-02
4.705882444977760315e-02 6.117647290229797363e-01 2.892999909818172455e-02
4.705882444977760315e-02 7.176470756530761719e-01 2.893999963998794556e-02
-1.176470592617988586e-01 7.411764860153198242e-01 7.350000087171792984e-03
-3.529411926865577698e-02 7.764706015586853027e-01 1.023999974131584167e-02
4.705882444977760315e-02 7.764706015586853027e-01 1.173000037670135498e-02
9.411764889955520630e-02 7.764706015586853027e-01 1.016000006347894669e-02
1.411764770746231079e-01 7.411764860153198242e-01 7.129999808967113495e-03
-4.823529422283172607e-01 2.235294133424758911e-01 -5.799999926239252090e-04
-4.000000059604644775e-01 1.764705926179885864e-01 8.340000174939632416e-03
-2.941176593303680420e-01 1.764705926179885864e-01 8.879999630153179169e-03
-1.882352977991104126e-01 2.470588237047195435e-01 4.869999829679727554e-03
-2.941176593303680420e-01 2.941176593303680420e-01 7.639999967068433762e-03
-4.000000059604644775e-01 2.941176593303680420e-01 5.700000096112489700e-03
2.470588237047195435e-01 2.470588237047195435e-01 5.739999935030937195e-03
3.294117748737335205e-01 1.764705926179885864e-01 9.970000013709068298e-03
4.352941215038299561e-01 1.764705926179885864e-01 9.659999981522560120e-03
5.176470875740051270e-01 2.235294133424758911e-01 5.799999926239252090e-04
4.352941215038299561e-01 2.941176593303680420e-01 6.610000040382146835e-03
3.294117748737335205e-01 2.941176593303680420e-01 8.489999920129776001e-03
-2.360882014036178589e-01 9.294117689132690430e-01 -1.398999989032745361e-02
-1.496176421642303467e-01 9.294117689132690430e-01 1.060000038705766201e-03
-3.844119980931282043e-02 9.058823585510253906e-01 1.013000030070543289e-02
1.097062043845653534e-02 9.058823585510253906e-01 1.111999992281198502e-02
9.744119644165039062e-02 9.058823585510253906e-01 1.023999974131584167e-02
2.086176276206970215e-01 9.294117689132690430e-01 7.999999797903001308e-04
2.950882911682128906e-01 9.294117689132690430e-01 -1.486000046133995056e-02
2.086176276206970215e-01 1.000000000000000000e+00 -1.930000027641654015e-03
1.221471503376960754e-01 1.047058820724487305e+00 4.980000201612710953e-03
1.097062043845653534e-02 1.047058820724487305e+00 6.089999806135892868e-03
-6.314706057310104370e-02 1.047058820724487305e+00 5.150000099092721939e-03
-1.496176421642303467e-01 1.000000000000000000e+00 -1.659999950788915157e-03
-1.990293711423873901e-01 9.294117689132690430e-01 -1.429000031203031540e-02
-3.844119980931282043e-02 9.529411792755126953e-01 3.959999885410070419e-03
4.802946373820304871e-02 9.529411792755126953e-01 6.419999990612268448e-03
9.744119644165039062e-02 9.529411792755126953e-01 3.909999970346689224e-03
2.580293715000152588e-01 9.294117689132690430e-01 -1.527999993413686752e-02
9.744119644165039062e-02 9.529411792755126953e-01 3.909999970346689224e-03
1.097062043845653534e-02 9.529411792755126953e-01 6.419999990612268448e-03
-3.844119980931282043e-02 9.529411792755126953e-01 3.959999885410070419e-03
