-8.000000119209289551e-01 0.000000000000000000e+00 -8.557000011205673218e-02
-7.659574747085571289e-01 2.269503623247146606e-01 -8.710999786853790283e-02
-7.092198729515075684e-01 4.312056899070739746e-01 -8.871000260114669800e-02
-6.865248680114746094e-01 6.014184951782226562e-01 -8.834999799728393555e-02
-5.957447290420532227e-01 7.943263053894042969e-01 -8.138000220060348511e-02
-5.163120627403259277e-01 9.758865833282470703e-01 -6.631000339984893799e-02
-4.028368890285491943e-01 1.112056851387023926e+00 -4.768000170588493347e-02
-2.553191483020782471e-01 1.259574532508850098e+00 -2.967000007629394531e-02
-2.836879529058933258e-02 1.316312074661254883e+00 -2.113999985158443451e-02
2.326241284608840942e-01 1.225531935691833496e+00 -3.033000044524669647e-02
3.687943518161773682e-01 1.112056851387023926e+00 -4.839000105857849121e-02
5.163120627403259277e-01 9.758865833282470703e-01 -6.684000045061111450e-02
6.070922017097473145e-01 7.943263053894042969e-01 -8.158999681472778320e-02
6.865248680114746094e-01 6.014184951782226562e-01 -8.806999772787094116e-02
7.205674052238464355e-01 4.312056899070739746e-01 -8.823999762535095215e-02
7.773050069808959961e-01 2.269503623247146606e-01 -8.665999770164489746e-02
8.000000119209289551e-01 0.000000000000000000e+00 -8.500999957323074341e-02
-7.092198729515075684e-01 -1.475177407264709473e-01 -7.379999849945306778e-03
-6.297872662544250488e-01 -2.042553275823593140e-01 5.270000081509351730e-03
-5.163120627403259277e-01 -2.042553275823593140e-01 1.346000004559755325e-02
-4.028368890285491943e-01 -1.702127754688262939e-01 1.807999983429908752e-02
-2.893617153167724609e-01 -1.475177407264709473e-01 1.917999982833862305e-02
1.758865267038345337e-01 -1.475177407264709473e-01 1.985999941825866699e-02
2.553191483020782471e-01 -1.702127754688262939e-01 1.885999925434589386e-02
4.028368890285491943e-01 -2.042553275823593140e-01 1.451999973505735397e-02
5.163120627403259277e-01 -1.702127754688262939e-01 6.639999803155660629e-03
6.297872662544250488e-01 -1.134751811623573303e-01 -6.190000101923942566e-03
-5.106383189558982849e-02 1.134751811623573303e-01 1.415000017732381821e-02
-5.106383189558982849e-02 2.609929144382476807e-01 2.017999999225139618e-02
-8.510638773441314697e-02 3.971631526947021484e-01 2.892999909818172455e-02
-8.510638773441314697e-02 5.106382966041564941e-01 2.893999963998794556e-02
-1.985815763473510742e-01 6.014184951782226562e-01 7.350000087171792984e-03
-1.418439745903015137e-01 6.014184951782226562e-01 1.023999974131584167e-02
-5.106383189558982849e-02 6.241135001182556152e-01 1.173000037670135498e-02
2.836879529058933258e-02 6.014184951782226562e-01 1.016000006347894669e-02
8.510638773441314697e-02 6.014184951782226562e-01 7.129999808967113495e-03
-5.730496644973754883e-01 5.673759058117866516e-02 -5.799999926239252090e-04
-4.822695255279541016e-01 0.000000000000000000e+00 8.340000174939632416e-03
-4.028368890285491943e-01 0.000000000000000000e+00 8.879999630153179169e-03
-2.893617153167724609e-01 7.943262904882431030e-02 4.869999829679727554e-03
-3.687943518161773682e-01 1.361702233552932739e-01 7.639999967068433762e-03
-4.822695255279541016e-01 1.361702233552932739e-01 5.700000096112489700e-03
1.758865267038345337e-01 7.943262904882431030e-02 5.739999935030937195e-03
2.893617153167724609e-01 3.404255583882331848e-02 9.970000013709068298e-03
3.687943518161773682e-01 0.000000000000000000e+00 9.659999981522560120e-03
4.822695255279541016e-01 7.943262904882431030e-02 5.799999926239252090e-04
3.687943518161773682e-01 1.361702233552932739e-01 6.610000040382146835e-03
2.893617153167724609e-01 1.361702233552932739e-01 8.489999920129776001e-03
-3.254751265048980713e-01 8.624113798141479492e-01 -1.398999989032745361e-02
-2.420708984136581421e-01 7.943263053894042969e-01 1.060000038705766201e-03
-1.110071092844009399e-01 7.375887036323547363e-01 1.013000030070543289e-02
-5.143263936042785645e-02 7.716312408447265625e-01 1.111999992281198502e-02
8.141830563545227051e-03 7.375887036323547363e-01 1.023999974131584167e-02
1.511206328868865967e-01 7.943263053894042969e-01 7.999999797903001308e-04
2.464397102594375610e-01 8.624113798141479492e-01 -1.486000046133995056e-02
1.511206328868865967e-01 9.304965138435363770e-01 -1.930000027641654015e-03
6.771630048751831055e-02 9.872341156005859375e-01 4.980000201612710953e-03
-2.760287001729011536e-02 9.872341156005859375e-01 6.089999806135892868e-03
-1.467518061399459839e-01 9.872341156005859375e-01 5.150000099092721939e-03
-2.420708984136581421e-01 9.304965138435363770e-01 -1.659999950788915157e-03
-3.016453683376312256e-01 8.624113798141479492e-01 -1.429000031203031540e-02
-1.467518061399459839e-01 8.283688426017761230e-01 3.959999885410070419e-03
-5.143263936042785645e-02 8.283688426017761230e-01 6.419999990612268448e-03
3.197168931365013123e-02 8.283688426017761230e-01 3.909999970346689224e-03
2.464397102594375610e-01 8.283688426017761230e-01 -1.527999993413686752e-02
3.197168931365013123e-02 8.851064443588256836e-01 3.909999970346689224e-03
-5.143263936042785645e-02 8.851064443588256836e-01 6.419999990612268448e-03
-1.110071092844009399e-01 8.851064443588256836e-01 3.959999885410070419e-03
