-8.000000119209289551e-01 -1.032258104532957077e-02 -8.557000011205673218e-02
-7.690322995185852051e-01 1.961290389299392700e-01 -8.710999786853790283e-02
-7.174193859100341797e-01 4.129032492637634277e-01 -8.871000260114669800e-02
-6.864516139030456543e-01 5.677419304847717285e-01 -8.834999799728393555e-02
-6.348387598991394043e-01 7.845161557197570801e-01 -8.138000220060348511e-02
-5.006451606750488281e-01 9.393548965454101562e-01 -6.631000339984893799e-02
-3.974193632602691650e-01 1.052903294563293457e+00 -4.768000170588493347e-02
-2.425806522369384766e-01 1.156129121780395508e+00 -2.967000007629394531e-02
5.161290522664785385e-03 1.207741975784301758e+00 -2.113999985158443451e-02
2.116129100322723389e-01 1.156129121780395508e+00 -3.033000044524669647e-02
3.767742216587066650e-01 1.073548436164855957e+00 -4.839000105857849121e-02
5.109677910804748535e-01 9.703226089477539062e-01 -6.684000045061111450e-02
6.141935586929321289e-01 8.154839277267456055e-01 -8.158999681472778320e-02
6.967742443084716797e-01 5.987097024917602539e-01 -8.806999772787094116e-02
7.174193859100341797e-01 4.335483908653259277e-01 -8.823999762535095215e-02
7.690322995185852051e-01 2.270967811346054077e-01 -8.665999770164489746e-02
8.000000119209289551e-01 1.032258104532957077e-02 -8.500999957323074341e-02
-6.348387598991394043e-01 -1.961290389299392700e-01 -7.379999849945306778e-03
-5.522580742835998535e-01 -2.787096798419952393e-01 5.270000081509351730e-03
-4.283871054649353027e-01 -3.096774220466613770e-01 1.346000004559755325e-02
-3.148387074470520020e-01 -2.787096798419952393e-01 1.807999983429908752e-02
-2.116129100322723389e-01 -2.580645382404327393e-01 1.917999982833862305e-02
2.116129100322723389e-01 -2.270967811346054077e-01 1.985999941825866699e-02
3.251613080501556396e-01 -2.787096798419952393e-01 1.885999925434589386e-02
4.283871054649353027e-01 -2.787096798419952393e-01 1.451999973505735397e-02
5.625806450843811035e-01 -2.580645382404327393e-01 6.639999803155660629e-03
6.658064723014831543e-01 -1.754838824272155762e-01 -6.190000101923942566e-03
5.161290522664785385e-03 1.032258104532957077e-02 1.415000017732381821e-02
5.161290522664785385e-03 1.754838824272155762e-01 2.017999999225139618e-02
5.161290522664785385e-03 3.096774220466613770e-01 2.892999909818172455e-02
5.161290522664785385e-03 4.129032492637634277e-01 2.893999963998794556e-02
-1.290322691202163696e-01 4.954838752746582031e-01 7.350000087171792984e-03
-7.741935551166534424e-02 4.954838752746582031e-01 1.023999974131584167e-02
5.161290522664785385e-03 5.161290764808654785e-01 1.173000037670135498e-02
7.741935551166534424e-02 4.954838752746582031e-01 1.016000006347894669e-02
1.393548399209976196e-01 4.954838752746582031e-01 7.129999808967113495e-03
-4.800000190734863281e-01 1.032258104532957077e-02 -5.799999926239252090e-04
-3.974193632602691650e-01 -3.096774220466613770e-02 8.340000174939632416e-03
-3.148387074470520020e-01 -3.096774220466613770e-02 8.879999630153179169e-03
-2.116129100322723389e-01 4.129032418131828308e-02 4.869999829679727554e-03
-2.941935658454895020e-01 8.258064836263656616e-02 7.639999967068433762e-03
-3.974193632602691650e-01 8.258064836263656616e-02 5.700000096112489700e-03
2.116129100322723389e-01 4.129032418131828308e-02 5.739999935030937195e-03
3.251613080501556396e-01 -3.096774220466613770e-02 9.970000013709068298e-03
4.283871054649353027e-01 -3.096774220466613770e-02 9.659999981522560120e-03
5.109677910804748535e-01 1.032258104532957077e-02 5.799999926239252090e-04
4.283871054649353027e-01 8.258064836263656616e-02 6.610000040382146835e-03
3.251613080501556396e-01 8.258064836263656616e-02 8.489999920129776001e-03
-2.760258018970489502e-01 7.535484433174133301e-01 -1.398999989032745361e-02
-1.893160939216613770e-01 7.019355297088623047e-01 1.060000038705766201e-03
-8.092899620532989502e-02 6.503226161003112793e-01 1.013000030070543289e-02
5.780620034784078598e-03 6.812903285026550293e-01 1.111999992281198502e-02
5.997417122125625610e-02 6.503226161003112793e-01 1.023999974131584167e-02
1.683612763881683350e-01 7.019355297088623047e-01 7.999999797903001308e-04
2.550708949565887451e-01 7.845161557197570801e-01 -1.486000046133995056e-02
1.683612763881683350e-01 8.258064985275268555e-01 -1.930000027641654015e-03
8.165165036916732788e-02 8.567742109298706055e-01 4.980000201612710953e-03
5.780620034784078598e-03 8.774194121360778809e-01 6.089999806135892868e-03
-1.134451404213905334e-01 8.567742109298706055e-01 5.150000099092721939e-03
-1.893160939216613770e-01 8.258064985275268555e-01 -1.659999950788915157e-03
-2.543483972549438477e-01 7.535484433174133301e-01 -1.429000031203031540e-02
-8.092899620532989502e-02 7.329032421112060547e-01 3.959999885410070419e-03
5.780620034784078598e-03 7.329032421112060547e-01 6.419999990612268448e-03
8.165165036916732788e-02 7.329032421112060547e-01 3.909999970346689224e-03
2.225548177957534790e-01 7.535484433174133301e-01 -1.527999993413686752e-02
5.997417122125625610e-02 7.845161557197570801e-01 3.909999970346689224e-03
5.780620034784078598e-03 7.845161557197570801e-01 6.419999990612268448e-03
-8.092899620532989502e-02 7.535484433174133301e-01 3.959999885410070419e-03
