-8.000000715255737305e-01 2.500000223517417908e-02 -8.557000011205673218e-02
-7.666667103767395020e-01 2.583333551883697510e-01 -8.710999786853790283e-02
-7.166666984558105469e-01 4.416666924953460693e-01 -8.871000260114669800e-02
-6.666666865348815918e-01 6.250000596046447754e-01 -8.834999799728393555e-02
-6.000000238418579102e-01 8.083333969116210938e-01 -8.138000220060348511e-02
-5.166667103767395020e-01 9.583333730697631836e-01 -6.631000339984893799e-02
-4.166666865348815918e-01 1.091666698455810547e+00 -4.768000170588493347e-02
-3.000000119209289551e-01 1.208333373069763184e+00 -2.967000007629394531e-02
-5.000000447034835815e-02 1.258333444595336914e+00 -2.113999985158443451e-02
1.833333373069763184e-01 1.208333373069763184e+00 -3.033000044524669647e-02
3.500000238418579102e-01 1.058333396911621094e+00 -4.839000105857849121e-02
4.500000178813934326e-01 9.583333730697631836e-01 -6.684000045061111450e-02
5.666667222976684570e-01 7.583333849906921387e-01 -8.158999681472778320e-02
6.500000357627868652e-01 5.916666984558105469e-01 -8.806999772787094116e-02
7.166666984558105469e-01 3.916666805744171143e-01 -8.823999762535095215e-02
7.666667103767395020e-01 1.916666775941848755e-01 -8.665999770164489746e-02
8.000000715255737305e-01 -2.500000223517417908e-02 -8.500999957323074341e-02
-7.166666984558105469e-01 -1.416666805744171143e-01 -7.379999849945306778e-03
-6.333333849906921387e-01 -1.916666775941848755e-01 5.270000081509351730e-03
-5.166667103767395020e-01 -2.250000089406967163e-01 1.346000004559755325e-02
-4.166666865348815918e-01 -2.250000089406967163e-01 1.807999983429908752e-02
-3.000000119209289551e-01 -1.583333462476730347e-01 1.917999982833862305e-02
1.500000059604644775e-01 -1.916666775941848755e-01 1.985999941825866699e-02
2.333333492279052734e-01 -2.250000089406967163e-01 1.885999925434589386e-02
3.666666746139526367e-01 -2.250000089406967163e-01 1.451999973505735397e-02
5.166667103767395020e-01 -1.916666775941848755e-01 6.639999803155660629e-03
6.000000238418579102e-01 -1.416666805744171143e-01 -6.190000101923942566e-03
-6.666667014360427856e-02 9.166666865348815918e-02 1.415000017732381821e-02
-6.666667014360427856e-02 2.750000059604644775e-01 2.017999999225139618e-02
-6.666667014360427856e-02 4.250000119209289551e-01 2.892999909818172455e-02
-6.666667014360427856e-02 5.416666865348815918e-01 2.893999963998794556e-02
-2.166666835546493530e-01 5.916666984558105469e-01 7.350000087171792984e-03
-1.666666716337203979e-01 6.250000596046447754e-01 1.023999974131584167e-02
-6.666667014360427856e-02 6.250000596046447754e-01 1.173000037670135498e-02
1.666666753590106964e-02 6.250000596046447754e-01 1.016000006347894669e-02
6.666667014360427856e-02 5.916666984558105469e-01 7.129999808967113495e-03
-5.833333730697631836e-01 5.833333730697631836e-02 -5.799999926239252090e-04
-5.000000000000000000e-01 -8.333333767950534821e-03 8.340000174939632416e-03
-3.833333551883697510e-01 -8.333333767950534821e-03 8.879999630153179169e-03
-3.000000119209289551e-01 5.833333730697631836e-02 4.869999829679727554e-03
-3.833333551883697510e-01 1.250000000000000000e-01 7.639999967068433762e-03
-5.000000000000000000e-01 1.416666805744171143e-01 5.700000096112489700e-03
1.500000059604644775e-01 5.833333730697631836e-02 5.739999935030937195e-03
2.666666805744171143e-01 -8.333333767950534821e-03 9.970000013709068298e-03
3.500000238418579102e-01 -8.333333767950534821e-03 9.659999981522560120e-03
4.333333671092987061e-01 5.833333730697631836e-02 5.799999926239252090e-04
3.500000238418579102e-01 1.250000000000000000e-01 6.610000040382146835e-03
2.333333492279052734e-01 1.250000000000000000e-01 8.489999920129776001e-03
-3.639583885669708252e-01 7.916666865348815918e-01 -1.398999989032745361e-02
-2.764583826065063477e-01 7.583333849906921387e-01 1.060000038705766201e-03
-1.364583373069763184e-01 7.250000238418579102e-01 1.013000030070543289e-02
-6.645838916301727295e-02 7.583333849906921387e-01 1.111999992281198502e-02
-1.395835913717746735e-02 7.250000238418579102e-01 1.023999974131584167e-02
1.260416805744171143e-01 7.583333849906921387e-01 7.999999797903001308e-04
2.485417872667312622e-01 7.916666865348815918e-01 -1.486000046133995056e-02
1.260416805744171143e-01 8.583333492279052734e-01 -1.930000027641654015e-03
2.104161679744720459e-02 9.083333611488342285e-01 4.980000201612710953e-03
-6.645838916301727295e-02 9.416667222976684570e-01 6.089999806135892868e-03
-1.714583188295364380e-01 9.083333611488342285e-01 5.150000099092721939e-03
-2.764583826065063477e-01 8.583333492279052734e-01 -1.659999950788915157e-03
-3.464583158493041992e-01 7.916666865348815918e-01 -1.429000031203031540e-02
-1.714583188295364380e-01 8.083333969116210938e-01 3.959999885410070419e-03
-6.645838916301727295e-02 8.083333969116210938e-01 6.419999990612268448e-03
2.104161679744720459e-02 8.083333969116210938e-01 3.909999970346689224e-03
2.135416716337203979e-01 7.916666865348815918e-01 -1.527999993413686752e-02
2.104161679744720459e-02 8.083333969116210938e-01 3.909999970346689224e-03
-6.645838916301727295e-02 8.416666984558105469e-01 6.419999990612268448e-03
-1.714583188295364380e-01 8.083333969116210938e-01 3.959999885410070419e-03
